0.07	0.586	0.2567	0.00616	0.00385
0.07	0.811	0.29218	0.00555	0.00351
0.07	0.903	0.29811	0.00358	0.00388
0.07	1.117	0.30859	0.00401	0.00401
0.07	1.274	0.32001	0.00512	0.0048
0.07	1.523	0.32882	0.00789	0.00921
0.07	1.658	0.33331	0.00833	0.00433
0.07	2.009	0.34032	0.01123	0.00817
0.08	0.582	0.26223	0.00367	0.00288
0.08	0.662	0.27289	0.00464	0.00355
0.08	0.811	0.29394	0.00558	0.00353
0.08	0.893	0.29666	0.00297	0.00326
0.08	1.012	0.30506	0.00336	0.00275
0.08	1.117	0.30927	0.00402	0.00402
0.08	1.24	0.31788	0.00381	0.00318
0.08	1.44	0.3214	0.00803	0.00321
0.08	1.532	0.3191	0.00542	0.00638
0.08	1.661	0.32356	0.00615	0.00582
0.08	1.808	0.32638	0.00522	0.00457
0.08	1.993	0.33272	0.00333	0.00599
0.08	2.146	0.34034	0.00953	0.00783
0.08	2.419	0.33354	0.00667	0.00734
0.1	0.579	0.26781	0.00482	0.00375
0.1	0.617	0.27344	0.0052	0.00383
0.1	0.662	0.27599	0.00304	0.00331
0.1	0.737	0.28387	0.0071	0.00369
0.1	0.874	0.29173	0.00554	0.0035
0.1	0.995	0.30581	0.00306	0.00398
0.1	1.077	0.30458	0.00548	0.00305
0.1	1.178	0.30981	0.00465	0.00279
0.1	1.292	0.31491	0.00567	0.00315
0.1	1.417	0.31963	0.00575	0.0032
0.1	1.536	0.31382	0.00659	0.00659
0.1	1.665	0.30944	0.00959	0.00897
0.1	1.819	0.32427	0.00389	0.00389
0.1	1.992	0.32658	0.00261	0.00425
0.1	2.145	0.33293	0.00766	0.00732
0.1	2.368	0.32488	0.00455	0.00715
0.1	2.945	0.33458	0.00669	0.0097
0.1	3.341	0.34519	0.01243	0.01243
0.125	0.617	0.27505	0.00523	0.00385
0.125	0.661	0.27839	0.00334	0.00306
0.125	0.737	0.28484	0.00712	0.0037
0.125	0.791	0.29127	0.00728	0.00437
0.125	0.938	0.3032	0.00334	0.00424
0.125	1.116	0.30339	0.00334	0.00212
0.125	1.271	0.31194	0.00374	0.00218
0.125	1.378	0.31754	0.00445	0.00286
0.125	1.603	0.3173	0.00381	0.0019
0.125	1.83	0.32076	0.00577	0.00481
0.125	2.004	0.32111	0.00257	0.00321
0.125	2.227	0.3173	0.00317	0.00381
0.125	2.577	0.32097	0.00449	0.00706
0.125	2.822	0.33336	0.00467	0.00733
0.125	3.017	0.32594	0.00652	0.0101
0.125	3.35	0.33784	0.00709	0.00878
0.125	3.718	0.32293	0.01001	0.01033
0.125	5.0	0.33467	0.00234	0.00703
0.14	0.658	0.27972	0.00531	0.00364
0.14	0.782	0.28977	0.00319	0.00261
0.14	0.925	0.30118	0.00422	0.00331
0.14	1.137	0.30287	0.00485	0.00303
0.14	1.287	0.30563	0.00306	0.00245
0.14	1.374	0.31622	0.00538	0.00316
0.14	1.604	0.31413	0.00346	0.0022
0.14	1.737	0.31613	0.00443	0.00221
0.14	2.009	0.31964	0.00352	0.00384
0.14	2.19	0.31341	0.00376	0.00282
0.14	2.368	0.32019	0.0032	0.0032
0.14	2.577	0.31649	0.00443	0.00696
0.14	2.796	0.32828	0.00558	0.00722
0.14	2.998	0.3222	0.00548	0.00805
0.14	3.311	0.33323	0.006	0.00633
0.14	3.766	0.32006	0.0064	0.00704
0.14	4.176	0.31132	0.00872	0.00841
0.14	5.0	0.32716	0.00229	0.00687
0.175	0.692	0.28493	0.00541	0.00399
0.175	0.789	0.28519	0.00314	0.00257
0.175	0.891	0.29186	0.0035	0.00263
0.175	0.997	0.29494	0.00531	0.00354
0.175	1.096	0.29921	0.00509	0.00449
0.175	1.287	0.29818	0.00328	0.00239
0.175	1.406	0.29719	0.00297	0.00238
0.175	1.5	0.30582	0.0055	0.00306
0.175	1.618	0.30037	0.01201	0.00511
0.175	1.737	0.30715	0.0043	0.00215
0.175	1.874	0.30857	0.00339	0.00216
0.175	2.211	0.31798	0.01526	0.00731
0.175	2.378	0.30887	0.0034	0.00309
0.175	2.571	0.30852	0.00278	0.00339
0.175	2.74	0.30853	0.00494	0.00525
0.175	2.994	0.30949	0.00526	0.00557
0.175	3.256	0.31533	0.00347	0.00599
0.175	3.542	0.3096	0.00372	0.00619
0.175	3.804	0.30734	0.00768	0.00553
0.175	4.175	0.31174	0.00343	0.00623
0.175	4.594	0.30404	0.00699	0.00699
0.175	5.202	0.30669	0.00429	0.00644
0.18	0.692	0.28413	0.0054	0.00398
0.18	0.824	0.28419	0.00625	0.00313
0.18	0.891	0.29083	0.00349	0.00262
0.18	0.997	0.29381	0.00529	0.00353
0.18	1.096	0.298	0.00507	0.00447
0.18	1.24	0.30196	0.00544	0.00332
0.18	1.406	0.29582	0.00296	0.00237
0.18	1.5	0.30438	0.00548	0.00304
0.18	1.874	0.30697	0.00338	0.00215
0.18	2.571	0.30665	0.00276	0.00337
0.18	2.74	0.3066	0.00491	0.00521
0.18	3.013	0.31271	0.00844	0.00438
0.18	3.254	0.3125	0.00375	0.00625
0.18	3.542	0.30739	0.00369	0.00615
0.18	4.174	0.31328	0.00376	0.00595
0.18	4.594	0.30161	0.00694	0.00694
0.18	5.202	0.30411	0.00426	0.00639
0.225	0.716	0.27611	0.00525	0.00414
0.225	0.869	0.276	0.00607	0.00304
0.225	1.002	0.28398	0.00114	0.0017
0.225	1.289	0.28739	0.00345	0.00259
0.225	1.505	0.28988	0.00087	0.00145
0.225	1.73	0.2897	0.0029	0.00203
0.225	2.013	0.29131	0.00233	0.00175
0.225	2.218	0.28633	0.0063	0.00429
0.225	2.5	0.29184	0.00146	0.00292
0.225	2.819	0.28632	0.00344	0.00229
0.225	3.004	0.28802	0.00346	0.00461
0.225	3.287	0.28831	0.00404	0.00317
0.225	3.615	0.28063	0.00589	0.00505
0.225	4.014	0.2822	0.00282	0.00423
0.225	4.46	0.28576	0.00429	0.00371
0.225	5.001	0.28195	0.00113	0.00395
0.225	5.327	0.28592	0.00801	0.00686
0.225	5.718	0.27963	0.00475	0.00503
0.225	6.088	0.27614	0.00828	0.00635
0.225	7.306	0.27031	0.01541	0.00649
0.25	0.716	0.26973	0.00512	0.00405
0.25	0.886	0.26921	0.00431	0.00296
0.25	1.006	0.27525	0.0011	0.00165
0.25	1.087	0.27463	0.0022	0.00192
0.25	1.303	0.27797	0.00278	0.00222
0.25	1.502	0.27939	0.00084	0.00168
0.25	1.621	0.27767	0.00361	0.00278
0.25	1.73	0.27881	0.00279	0.00195
0.25	1.848	0.27993	0.00616	0.00392
0.25	2.013	0.27825	0.00167	0.00139
0.25	2.252	0.27485	0.0044	0.00302
0.25	2.496	0.27933	0.00112	0.00279
0.25	2.819	0.2741	0.00329	0.00219
0.25	3.021	0.27553	0.00303	0.00358
0.25	3.294	0.2773	0.0036	0.00333
0.25	3.545	0.26818	0.00215	0.00322
0.25	4.014	0.26889	0.00269	0.00403
0.25	4.329	0.27097	0.00298	0.00298
0.25	4.959	0.2685	0.00107	0.00376
0.25	5.384	0.26652	0.00267	0.00373
0.25	5.863	0.26597	0.00293	0.00452
0.25	6.264	0.27369	0.00575	0.00493
0.25	6.746	0.26482	0.0045	0.00477
0.25	7.471	0.26469	0.00556	0.00529
0.25	8.22	0.2609	0.00861	0.00626
0.275	0.905	0.26169	0.00628	0.00288
0.275	1.071	0.26475	0.00185	0.00185
0.275	1.348	0.26768	0.00482	0.00294
0.275	1.461	0.26848	0.00483	0.00295
0.275	1.602	0.26594	0.00372	0.00213
0.275	1.917	0.26374	0.0029	0.00211
0.275	2.111	0.26575	0.00372	0.00213
0.275	2.348	0.26346	0.00395	0.00263
0.275	2.531	0.26456	0.0037	0.00344
0.275	3.092	0.26221	0.00656	0.00236
0.275	3.319	0.26955	0.00728	0.00431
0.275	3.53	0.25475	0.00229	0.0028
0.275	4.305	0.25656	0.00359	0.00257
0.275	4.757	0.25682	0.00257	0.00334
0.275	5.29	0.25128	0.00226	0.00327
0.275	6.073	0.25531	0.00357	0.00409
0.275	6.746	0.24944	0.00424	0.00449
0.275	7.502	0.25056	0.00551	0.00501
0.275	8.22	0.24514	0.00809	0.00588
0.35	1.145	0.23452	0.00211	0.00141
0.35	1.391	0.23332	0.00303	0.00233
0.35	1.5	0.23091	0.00092	0.00139
0.35	1.657	0.23107	0.00162	0.00116
0.35	1.826	0.22624	0.00385	0.00226
0.35	2.011	0.22402	0.00202	0.00112
0.35	2.18	0.2246	0.0018	0.00112
0.35	2.5	0.22192	0.00089	0.00111
0.35	2.788	0.21387	0.00342	0.00257
0.35	3.082	0.21695	0.00174	0.00174
0.35	3.357	0.21405	0.00535	0.00193
0.35	3.745	0.21021	0.0021	0.00189
0.35	4.159	0.21254	0.00149	0.00191
0.35	5.015	0.20805	0.00062	0.00187
0.35	5.84	0.20636	0.00165	0.00248
0.35	6.407	0.20162	0.00161	0.00222
0.35	7.374	0.19905	0.00159	0.00318
0.35	8.126	0.19602	0.00216	0.00314
0.35	9.314	0.19078	0.00305	0.00362
0.35	10.006	0.1942	0.00233	0.0033
0.35	10.956	0.18993	0.00456	0.00456
0.45	1.699	0.18167	0.00182	0.00109
0.45	1.87	0.16854	0.00472	0.00185
0.45	2.003	0.17508	0.00175	0.00123
0.45	2.291	0.16866	0.00118	0.00084
0.45	2.444	0.16424	0.00148	0.00131
0.45	2.654	0.16222	0.00227	0.00146
0.45	3.364	0.15763	0.00126	0.00126
0.45	3.804	0.15674	0.00376	0.00141
0.45	4.586	0.14982	0.0015	0.00135
0.45	4.97	0.14674	0.00103	0.00132
0.45	5.299	0.14508	0.00145	0.00145
0.45	5.683	0.14281	0.00129	0.00114
0.45	6.075	0.14607	0.00278	0.00204
0.45	6.508	0.14128	0.00141	0.00155
0.45	7.11	0.13928	0.00084	0.00139
0.45	7.837	0.13947	0.00265	0.00237
0.45	8.434	0.13379	0.0012	0.00174
0.45	9.05	0.13456	0.00135	0.00202
0.45	9.833	0.13101	0.00092	0.0017
0.45	10.688	0.12915	0.00103	0.00232
0.45	11.612	0.12921	0.00142	0.00258
0.45	12.749	0.12642	0.00152	0.00278
0.45	15.019	0.13258	0.00941	0.00902
0.45	16.388	0.13587	0.00625	0.00815
0.55	2.494	0.11901	0.00048	0.00071
0.55	2.767	0.11571	0.00162	0.00104
0.55	3.47	0.10544	0.00116	0.00127
0.55	3.74	0.1027	0.00205	0.00103
0.55	4.071	0.10069	0.00081	0.00081
0.55	4.995	0.09359	0.00037	0.00066
0.55	5.327	0.09261	0.00148	0.00102
0.55	5.77	0.09144	0.00091	0.00101
0.55	6.253	0.08865	0.00089	0.0008
0.55	7.503	0.08487	0.00042	0.00076
0.55	8.38	0.08177	0.00082	0.00106
0.55	9.023	0.08413	0.00135	0.00143
0.55	9.909	0.0785	0.00039	0.00094
0.55	10.715	0.0776	0.00062	0.00116
0.55	11.858	0.0762	0.00061	0.0013
0.55	12.879	0.07372	0.00074	0.0014
0.55	14.118	0.07208	0.00058	0.00151
0.55	15.549	0.07053	0.00176	0.00197
0.55	16.706	0.06426	0.00713	0.00475
0.55	17.886	0.07179	0.00266	0.00402
0.55	19.512	0.06892	0.00214	0.00351
0.65	4.149	0.06204	0.00149	0.00087
0.65	4.407	0.05975	0.00072	0.0006
0.65	5.01	0.05575	0.0005	0.00039
0.65	5.715	0.05284	0.00074	0.00058
0.65	6.271	0.05018	0.00045	0.0005
0.65	6.779	0.04943	0.00044	0.00064
0.65	7.981	0.04493	0.0004	0.00049
0.65	8.608	0.04346	0.00035	0.00043
0.65	9.748	0.04185	0.00033	0.00046
0.65	10.604	0.04074	0.00033	0.00053
0.65	11.531	0.03871	0.00039	0.0007
0.65	13.173	0.03788	0.0003	0.00061
0.65	14.198	0.03804	0.00068	0.0011
0.65	15.243	0.03529	0.00025	0.00064
0.65	16.888	0.03414	0.00055	0.00089
0.65	18.281	0.03277	0.00085	0.00161
0.65	20.633	0.03437	0.00113	0.00182
0.65	22.211	0.03234	0.00065	0.00158
0.75	5.0	0.02917	0.00023	0.00058
0.75	6.058	0.02635	0.00045	0.0004
0.75	6.658	0.02425	0.00029	0.00027
0.75	7.302	0.02251	0.00025	0.00034
0.75	7.961	0.0216	0.00063	0.0005
0.75	8.902	0.02011	0.00016	0.00026
0.75	10.188	0.01853	0.00017	0.00024
0.75	11.568	0.01687	0.00017	0.00022
0.75	13.068	0.01607	0.00016	0.00029
0.75	14.468	0.01488	0.00016	0.00028
0.75	15.706	0.01464	0.00035	0.00032
0.75	16.962	0.0138	0.00015	0.00033
0.75	18.423	0.01378	0.00021	0.00037
0.75	19.937	0.01329	0.00041	0.0007
0.75	21.562	0.01168	0.00042	0.00072
0.75	24.37	0.01135	0.00037	0.00062
0.75	26.728	0.01122	0.00034	0.00074
0.85	10.035	0.00645	0.0001	0.00032
0.85	11.076	0.00572	0.00015	0.00025
0.85	12.177	0.00532	0.00011	0.00018
0.85	13.949	0.00491	9.0e-05	0.00016
0.85	15.449	0.00465	6.0e-05	0.00013
0.85	16.641	0.00413	9.0e-05	0.00013
0.85	18.463	0.00395	5.0e-05	0.00012
0.85	19.992	0.00399	8.0e-05	0.00015
0.85	23.403	0.00324	9.0e-05	0.00025
0.85	29.089	0.0028	8.0e-05	0.00022


https://www.hepdata.net/record/ins280954
